$ANSIBLE_VAULT;1.1;AES256
36613937343161383061393537336231663836376566363636323761636235303735653130353734
3964373964616135353865633365336635626366666439360a623266663539626638376362613631
64326666313335613765613536316138396464316535646665313134393534386565636139333631
6464376263356630310a313331656661356139663037653834316261346435383435393561383764
38366264376531306265656561346462306132633333303233626431333036646236376638393639
36613330323734613737663234353966373532376235643339383564393837636166616431376231
66383937363631303332633065333963396236623332316537316536353937376463346333646531
62373434636263623162363932383261623530366630653665333637663462353339383962383462
61386562633061656234623231386266326566343137333565326532653866363935626665666639
34346465303032303264333063613461663737376137313736616437373661653061346335643565
32363035393636313431333830363433316166616466373039656233393562343432636438636535
36383433383533306630656365643736663135663436323835333833373431336330343961636332
37623763646630393537646334633639633332306535373563643335613630316436393333663866
30303166376131323861386630316534666638313665386163313063393961613665336664356135
34636165313339323333663432333263303635373065316132396539353238633566306535393538
31663435333265363132373365643239363738643331646239303939663636306336306235386139
38623166353065383161383933336663663732326438336464306133656637646238373461653566
66653734643061333763626339646132363764313630356431303236623932656633656561393938
65336564616231393862616336666164653831616264303937663331643835633861613639343833
62323337353737336135616632343233373136356163363266653738323662326464353861643130
65636133636333316134353937333738386135383366623237346333383536363730336361396362
66356461353636323330306161616236376137633435326465616234323966653534306139323932
65656261366231333036373032663736383738386636316538636561396634636435363663643732
37343135383861356565663430333763316439623936666234653938303339396537653337393434
30336464366534353730323237396433373464663932346532626465316666313337666266613239
36363962386361316262336432326530313336346636333136643738613062356439336231636539
61313039323038303761383163663631626234653166663634353533326164303466613634623835
33326663643231636663303936663665333030373133343039623162616365386566323362366361
32636466666138366664656663646337653631373035633737353865316236323939343835343566
62393361616363393563376331626131663531613861653239623664663266343361306361353733
38663933626435653030663765393935326338653237653737316135396532353535653866343637
39623762363338636261323165333132633736353831393538393434323366326535333364353766
32636239306561363837306362663737373835633665373430383138323634623033616138313962
64646534346432356534376330623563363530303638333865616238303064666334323638313235
31363661353662626665643765646630633938396432386566383765373236653934653032363531
33636664323831653737643162656262656433613338356336306461633538376337646565626564
66396539656536326631303264303363336234336362323935393538366462656530313537633131
37646639633161623539303438373333303065363363346338646139366239643133396263653232
61616634383538616163666536383832373263313461613133633866633836333566626338613031
65643134316161383331633734363038663663663862626163326363393264343532643734623635
30616530333864623332333439323635313833356634336431376238633166656563653966363962
63613933363530326635366665336436313839666632336261303262633964333133626638306338
38333034646561663866386464353832386138383535396437343331336232326530303363646361
39323031336235363264353738663136646534633538313864303432396634363735393332383939
31333637396135323039646266383831353963323033373235333637633535373965326666363962
62633935346138656436616536373663336466303430613064636637626131613835376566313436
61316461656664363134366561623336623366373834653865353632656337323863633066373538
65363763356463646537653162386339363933313435343665376633303364643539353966396634
62663832323434623334616162616430313038666165336430663135353531326564353830623137
39393561366636666564633831646562633234623737653035636538346666366262353935646364
64613736346562333233663339626465666531653838333762333932333762393930303464323336
31343639613538353864376238373136396261636339656432666139353936366539393133653633
66313734303562366639633233396438653665623265383161346462396466383365343134613433
34626136393332613638393232643436326662366464363162303735626437353065386362336165
32376637656634623563613662626333313865326334386131363531663665313637303636646430
64656636333166396336306164656330613065383061336431653031393666613161376634356535
34323363656637643264623133616465613161666130373465313435633737666231373364386263
63643534353837616464363730643132343237316138666133643462363864363532366235336663
37323064353230363936396434343832636535326362613961353438336236656334313062613364
66643063343566333161613933303663636330653839373930316535623566616162313138316262
63376634336662613966643634396635393034646361396339663338333330343234313234633865
61383762323331656632653635336561633966633434343239373731643666373662336537383461
35313362356663373330663238666334316633303033666631303436633435633238373166643162
65313932613332653636343161306530663465323336306130373737316133343330666366613731
66306534303237326434326531393439356535666130323334373436336236376362663461656362
31643565643834616437393039623738366164303235313661643734336362393239326337393461
66313065383234323939643133366165323535656433343139386161366366343832646136343937
30646236303632633662333532376565396161306131326163613965616463633263396566343733
33663038633434376366393239306362623138303831323936396431633037633462356363373331
39393661646266303765653039643438623137303133623639663962303632313165636566366463
32366637636630653237653663373861323238653039636237366630623931326465396566303933
35373035623461356238623965326438396233333032653630346363396635616535356365366162
35636637343930346266343738383036343764373834323939616339393064303265653761323361
66646133346139663634623738336639613036356131316537376365313365643464663736326334
34663539376464346438333136393932643535623230313831313139343462306632616535643535
65376136633466643436356264643363376538326631613934313939353961303338656534383832
30336236356663323037323631363466363034373430326232333162656366313861663438633764
32393262666365336166303631306435366361613833306133616437383338346361613838613533
63366338386635303233633533666539396564393730383739373236663731383537613064396631
35373962623864373561646332323662323339653261663265356438376566346661303932323964
32653330316238666265653933316264643863363264626639366631396537323165636639656239
34633563303561653537333230653233666336323836613866376531383430323830646461386437
66323939623633316133653462346130303161376562643864666532373763366136616663353336
39633862313964313032326139633631376437656536303839636464363166623531356631396364
38393366336261623833326362646438633566373138316461313434303931616132633436363730
61326237323333613632646266316139353130383036633834346138343636363038353832303262
34353562303832653263333739633831346536633332666533303832376639646338333833333839
35353030306230313166343264316166656139663962366134656535616536663137663236616634
39353538336134626136663331356139373861636333653034306230643662633639316336616361
32383066666662616538313765336130303461383464656633633534353139306639633062343463
63616537393165313565663539376461646435306339623662346331656131303462656332313265
62306136303663623636393464393562626363343430613762663734363666616666643963356265
33303037633534323430636537396162386530333639396639356537323135633938376161623539
38623766333765616132643631343738653837333535373839663339656464373035623436343433
30363334626237376164386263636362303762613262346339346530323237323664663034383061
37306132613766306434623661353266643662373162646263653266656164313439316534653164
30313166623231306134313333623165313638626433326561306335366363376663333938653035
36313465623364356338613732653638383039663230333833613066356662336432316537343864
61353130616462663363353037303464616464313736326362616666653361653934643236343731
32323734346333373837396265376334653738336463636436353366346331656361643630623365
37613564323730326132303438626562316531636331633961623762626432613730303835613963
36343237646463343663616236396366396230333061373138633830343637373464636430653234
65343964373266613037326532383765633136343130633135626136303937636638663166646439
34326237643537636632396439616536373161616231346533616137306432333735643665653635
30363164373430323839306164353065386439613430303033376233616536336138616339613233
31653961323335643439373734373737313663613164623362306264303165333130363362616663
66376564666561333161613630306333383830643539663161346632383261303861346663386564
30313066376234613264663530343863626634613836626163396635356561616233333032613937
30323665643335613663303764376664313565356635653232383061346366363931363466306165
34363336353361393335313230316663626461313866373766353534663030636238303730653362
34636531306362653864373761366130643634386534346464356436356335313733613164316235
62326463353231326239363064616164333833656633303363646435353239653065363231643534
66343235376336366234383431366537633862393566356439303034343034333935396334376635
65316434663536666564646135663236626237303861353830613131636663323135353635343135
62333033396230363334313832356464343938633866333466653332616463623434356632353331
62623936626235623638376665333030393036336538383965376465333530626330353137356161
61623065366564393939643961343266363432333539336532653039393433623263353864333566
34333761323034643131643036306231336166393130386561303131323462313066353531623364
35646139356632666537373664623166353838373438313030376638343864343332616466666437
32346365363964353632623932623266623539643433303635623062356166633363396238386236
65306234663164396462326239356465356431356137393838383331643834396134326165353436
38356537323065306362366337343034376533323133656337616137663239383233373736633463
32356530623734653837393163326461636432643431643164656133653136383439313033646234
64383739636436373631643934643636366365626265326463373561616133373861383964343561
36623631366530623438316435613864653636393736373761383230663466356337646134366161
32336266386563663362656639316538313131336261633564653364366666386133326565333639
39373938393064323831373331323562303938643861386131623163616664363266623133343765
30396331303065656538323263666665323962656163623361396462323365343561653764396339
66363833333730623062336265656636643730633766356164393434663062336463366138366464
64363362306537636433613337626430373763646537326538356539306337646137353865613731
62363739323938363462363761643236326539663433323638373562613631393438306236626132
61653861636234663830643162623138646537643534346561666261343431633239663031643635
35616465336565393161363736306333386636363931353261623539306461333334343239656139
61363366333433616264623134323030393562316166666530323337646234336634626565636663
33663666653431363737333939623131336335383163663334636166646261613236343235353964
35363165663635666634623530323931386464363765636338353464346335326432613034666362
61356666316439366162346632336631373634633566373332313037323131616230333432633932
31363962356462623634373361663361393631623836656132363036653231323839326161313563
31303835626531336461353138613832343133393338626134366435386434633333333265666165
31663761623361393362646135643465653437343133653263643235393761653364363333343132
61303331636239376534663331373433623539636635333930356330323635376231623166663063
63343335633361663132313133386234346636363266636631306530383232623033373665653934
30363664393635643561623132633939356165646265343536613163306536643539363133623364
35643435326263356438363533346561663136383964316562303561326432346230653337303433
38303961373630326239393738346564393133623666353265623435393731633035356664323330
33333837383130636165353630353830333134383634303630623936666564386365643632313936
33643637386366333131663730396136323964616634613935333131316637376531303432653461
64613539313835306663336430663432376564663863303039333035343836343336643563613132
30636136366137646436663338393763643964333961306163646162353838333935666161343535
64643366333261666331383636356361393134313361303635396636376230306661383664373433
66353666393365313966343136313136353032643439613239336532306134616366393165613563
39303032323633663130303937633662666261323335306262616131323564306230303338323336
34373538393666393130646638346336616438336564623634346133616139663164363861326264
31316530323435633634623761663362656331363762333731333263656634636538666662333665
61383063396139616231333430623766306139646265323134376263373065363436626661353365
31643534633936653932366631303561333763313231373837636439636135306133616633396365
36343434356139653730306332343062313664626265383566313630666530386635303632653739
33383134333866393366653039613961363662353561393733366633343266386231326634343334
66313134666366303362633066666335336166653366363931366661346235303964663531396232
63306436393263626638336563323862373230613436633063373633383733643235383831376132
37303231376131663635366366393539303639636666393639373362306262333539653064386564
31323135326362376565373863343765623763663464353539666232653562326465346438663335
32306462633263656666343661323861366337346161313334313737336262336563373139653863
36363965326236376565656363666563623636623631366666646366326638383733383566653236
63633830633763616332346162666137663362626132383764363462303337356166643136333439
65656263626439653031653639363366313463383337333261323138323665613666303434316261
39343961326265613733366364643730613738313063623461396236343864303262663531633134
62353438623366336330366333626233646632356530353436633532303165613036393864643666
31613166646162613030303433656562633337363735393438663538353835313031663366336466
35373037616131646665383763323862356538373039646134376134616365366664616631366539
37623233366133323736316638346131343939386239613766666634646430656233316138643830
61353331633061613363633437316537613266333935363264363764363562336564306537363566
33316532613063363836346536323432343632326233313334343236613536326136343636326232
39383433306162363062323837373963316463396238363865323437383535393032373461626231
32623432623561323261333732633131326637323336626531363764636536383530313933353039
65626265383034343238393665396466323432386134306632633639623531373932323331363239
63616162383663333032356364343538336561643532333962396262616536383132653764353263
30653737386433363866663130623833663230636636316266616233623061373634386131613836
65663834393935326166383430623639616638383931316361626536643263333363376232646639
66633939393866383864326337316164613235633835623665326566633735313233306462313139
36343965343338373165636366393231313332306662643831373139653962346166653035636264
63623031333861343733613863366634373730323535386565326631343333633630356333333865
62363862636234643264393165353638663339633535393637353566346165383333353838613235
61333731306564336266373835323863366134343566623438616365663361346636393764346134
32623632363464643965613935343166623536333737376561326131313265653636383631353465
36626238643235333263333936316233363235383832653166343037353230396465356339373332
36313933336636366561356438373032656530323864656561333636306465646139323339653434
34373530316234613735383530623631393930636330373163323939363030363730656564363963
35373135386261353435376137653662393833613239653030633461376435616137663835626131
35616365333161633835646231333035646664373763323434633130356166646631373631666334
64666533376536663564316565623761643337656134363364306633383031366335333334626632
61393765613263636663376239333136396465613137343865326335383734343066633834363065
61343333326436613037656162666137633832626435353537313633353161636231633731376662
62336334316234393737323061633035653738616235343465643935336165396439386639613338
33636362616362393937366539616532373834643336336465363136616463613661623830376431
33636636646133656563326339363461353261306237323635656362356336373833643936643237
38663761373431306536303134396530353064303562346631326432363333343463396632343666
65393565336337343834643833346530613739656336376432333464326131386631636464613634
63663362313036353065363463343432306338656161306437663430643233383663396234326232
31313336383263346139306464316632633363656265393864636436336366643334643462643162
32613065343465663837386535623137643531366235343134653536326562336361373730343639
38633063336366363936613766373634393063363763613030376136323639383766303564653161
35303836636332346265376165346662663066663237353366336534343432353866306666616634
62316161393163383563386130303836363539386333353534396464373736333631333735376330
36336262313035366334616333386533636135383936616532636637636439356137623230303362
36666261653231386362623632666231383736353635313035663734323333383738306330313531
65626335666530633036623739613832333531363331636161633633343232333638333364316630
66643665313933636337333238333562656535626336366631396330343436366661643432373135
62386662633336656239666136313264373430376266306662373663613365623661396161633338
63643466373661656231393136376634623532326337653466643234373436666334633037633033
64326366383962393938373962613936616133343266346564346164313861336638393734666537
34303534393937633236653966356432343832383662386434376137303631613234613930393464
63353735396666353337393933663834333065326461613735653132636135623430323131353732
34343837373734633335373632336533303434656264643465306633393361633763643934363036
62346165316631323335323237626234303430613937633164313063363939613464633031376136
38313631333432386531373561393562383162396335656463316233643563616465363036336234
62363063373737626264663037383930643831363764656264326465333538626436393430613963
62363330396136373337303034306662633036386563633062393631313663666432653162303039
38656432326530376630373534316365386461656535326266343331616161623164383732303333
38393437393663623161316435373231363332646636386262656538333139386637373530363636
66303630633663306633323736366439633030353265653835366662633864393135306634316633
61306137636466306366303339333236373035646130373366623339626466623661343863623162
37383638393338653538636363633936636561343431396566323233353764363130336537396265
31386239383033623435616665626631626134613063396430396633366166623333316638393038
65663339313938356161653961386338653036363662383462623532363537383264653831636461
63623262376336613537326635393835323837646235646461366664316333633130313361643731
37346239616636363237346534613632633939363466663166643763376462646535373730373835
35386466326430306637366164323239613466623138663336656661326361643534653661386235
32666435303466303961333163343830373237343166326131353039356432333365663866343961
63616163613737653965363966653335323937613731306265363633366238326164363261643261
65623566316236633333613536363065346233636165653262356632663565356638393234626135
62396161326630316661376666636664313736326436366264663630383630656430383739323536
33336232346535653765323665386639643964633435393636306635623165626362653330343838
65353665656438646434623461383662346432313965373038656466666432616338663164656633
66373935343031336134653138323032373030343266313662343531366537363839343332336635
31626136656361636563323364353738386662383939356539383737373730613030666639343663
33636637386162303566316366353062646464653936383862353636623239386535626264633462
66346132373031613164323031623964393234343639663132356464306431396563306430656664
64633233343833643532383863393563363533373135303361323634356439633662306330643264
31313864613239633361383536366561633833346431373135646130663561313163663532383066
34626563656339633462363233346533303930663066383338313530633439633933653561316631
36663364643236613939303632396261303364346139623333643333316239663437313561363035
66353766353435383632303237663737643261316531326131303163373366383265326462323634
38633432363936633835663536633261376264376535656562646636393731653264666465323932
39376232363235323632346437643764653765633034343833613035623737643338376336636662
35356434643533333530623064346663643262366136303961383731313162643463396331623662
36326532333062373733326337623364386535393364363363656633313261326434343563626336
62663034666566653839313639353466373232666365333739646638303463633436633761626263
37616364326438383736616536396462373232366533616332653936363037393466653431376332
31386435616231313464326533313838653737666532373162353135636439383365366132376662
63626630313836386330613466643036353131313532356535663737626263613765313430363366
32663931316439656562663165633534626434613232396133633238313433633032366238666535
63326536363263636638316537303131346435313965323361363132376635393662323362323137
37346635376432313464376335316430323665653465646530656262313332393932353733303864
66323463666264373538313936626331396330353631316235383338656665616630613461613265
61383563306237623565353031326238666334333065663237373935613337643835376539663562
39613831666237666662386638323031303966336531303233643563346538306465653932373039
66386537323439666535396264633136366230613031616632353830306434343130393462396431
62623533303938323032356230346361633061616638366661396531373638636165333262376139
65643532653762376131623035316362633539396231303962343762633735346639663230336536
64313030313435653232346164656464663861336230306132646561376537613135336532376264
63383531393838633562613264653136336665313864653863663665616632313165396636353331
35666538343832363038393037363961613733353163613465313033346639353139656230616537
34336264636639323965626365636566626632636334653230303136643962353530633163646663
39653439363237633938306631313136663862633865376631656633346566616135313363313731
37383334656164386238613864623530396564616132376637353165653234346337616436646265
62376664643137346233356533326333663633386335396232386561623037646530353763363737
33636538653666376362383834383135363832653737663366336264326438363431663661633735
31356433653231653139633162323534313861613066323162323933366531353539376530643961
38643566316331633630626161336263303666316638393662326262333363383034663665643737
34353635633761616365333664323466323436613338393731323032306230373031386330376262
64346334656464386634623964386437303234383639316164386338393362313036393231333333
63613063313465316637396532313138366531356130353063646264656661326231316634353463
34333862373766306130653161636561663639306431663435633433396532306665373366373835
31326239386537376237643237623533363738306264656465353965663362303731323339653365
64386564353763363031333165366266343964316366353762633764326432633266663230303865
39623661643363636337613863656230343639373739316239306462613731303963613765616134
64613836663739323437306634363662343432376163633165323835323266623233373230303431
33383538623238303466313936643464636666326533313038303332326166616366383637656563
30623165633038353435383535393830633061393734646465613666663961313038376261316666
32616635363034646364626536383630326135363532663733613362373536646466646263393635
35656435333061316335333933326137623530393062633230653463343633383634613962353237
30306266643566346335366630376465386537353062386435643064646562393537393336383734
37656132326132653032626338376662313432623264326639363132353535666436386239613836
63616535363635323439323062343266626336373737306434393531656537366538663532336635
34666333336137343433343131323837366234376432626564393331653734393161613465656566
64303364306366336338383839306533326637313639303264653339326563313463386636363661
66656366633234633237666266643835623866323765653936323030616265633162306432313939
32333764363066656663386536643339343730333135663733353638336439386566646638346139
31393734323661383138336661393039643464316636643635336638323966346361386339343232
37366434393533396238386138366564633238366664313439313639356633636461353536386464
36343732333166386433653235336432323565383131633864363463643735626363316530393461
63353363633332663966383231393038613163346439373534336361643739326432383561396135
30333632316361663162393430303830633537373963643239623436643136653462366562323231
63646663326461326664336366636131653536336430353063336561313936333737316265396636
39303662616232663637306632326431656637633931616363616538633331653030666132306166
62343839636539666231613839393138376535656564643332346665323863326131353461323939
61303566396464373865306336363361663765613830393965353436623934346531356536393237
38383837666237383235666337643763626332656164373061646362343637393637333763323539
62333238353231636530663363316337366437653637613032323766333537353433636562666238
61323566623864616166333932643661633431393161383039663537313536663134353030336333
33323237336232353865363464353865353734613133366337306362386662393630303633306231
38333263653436636465383336323137376531316638313666353931653031356130656333303962
35356565336563633633356665306239326432316230336531666132323035613233323139653033
39353462353063393033653032363434306138363963333239343663386339656365363638376532
65666266633365623762336230306234316230356434643730613535613461633635356130363764
62633239623938663235643535366133326562393039616533653638383162363165323465376465
31386136613731333537646463643264376165343164376265623535393765666239333565616163
34373330333035646234616564303030343036393032363761653231373762623938323933663266
62323438376633313064393038373431323363623264316539353465346461336238333764356639
31613866633238663862363366346365393137636532323065643035383133363230353739353761
61346661663635323039313836616631663539316438303737306666353265303331666531343539
32623830373961616361363262396335343362376666376461343662353030333835663634663861
37343663666235323337643565633563653262656338626531653634346634353766303865393762
63663561396136613235636565646238633431316239353039343134396462646265363937313934
35623430633038313832666439306536653336353230353766363334393263303530306364313965
33316164376563623566306631613665613436393630666134323561306239316235656266626466
30633031303238643264366335363632373462376666646131613434613562336333313665636462
31313130613833653638383065633431303236313365376639313436666332386131303435633363
32643563636261626164393730623638323830636330643533653132666364623965616666376233
36333132353631633330303265366366343937343165653533663733653137633264383936353534
39643331366534363138376539363966353934333335616438383962336533393333643231633661
62346432393935646539376234643935383961666566363739663438646430346561613765613030
32376362346239306239306163386565376637356163343665323336613364353131666638376134
30356633343838383531303736383162623237333334336435663334613333666334653132373233
36313935313532643964306235663839373237383138333233346264373364386430623666643961
61393262303165366239653530373838616461393163363734326532323062303335393562653337
34316166666464663865623838306366313537666530646564386132616633386136376132313161
36613165333537396536636630623463323337333230656561623632623064643865323162663762
37386336353932616636313539333962366432646265646138386432396362663463376230643230
65633735343037393465643962356539633361633834383631666332336232323632333633383533
66396163313632323035333735393564313339356562373530616435343836373332323538386436
38653665633738343463303037643466653231363364633463623538346434323638613365366565
61633139373432303364656431306532373839323933306437396534666464633938323962653030
33376664323339646465356336623864393931386433623463373463656439633135316230616334
35303237663336306361313035386139643431306532633138326436316365373139663565663566
38356661396439626133353232313264626166656166653837306263623635353965313032626531
35366466343533633366373437333833353064366565626231393562383139623137303037613865
61353563663934353737386330343635663964393562656333323637326530383265306265353365
65333034393761356363333033373338653462653236643136666161346234373062373862636137
3166
